363000.0
222000.0
142500.0
404000.0
457500.0
434000.0
280000.0
139500.0
408500.0
334000.0
237000.0
308500.0
281500.0
200000.0
263500.0
238500.0
293500.0
137000.0
202500.0
378000.0
453000.0
213500.0
189500.0
352500.0
187500.0
167500.0
231000.0
311500.0
198500.0
139000.0
263000.0
333500.0
168500.0
317000.0
183000.0
375500.0
479500.0
506500.0
333500.0
207500.0
439500.0
285000.0
301000.0
140500.0
272000.0
246000.0
228000.0
411500.0
383000.0
283500.0
250000.0
427500.0
135000.0
281000.0
118000.0
277500.0
415000.0
299500.0
144000.0
335000.0
311500.0
336500.0
407000.0
222000.0
425000.0
480500.0
250000.0
377500.0
471000.0
225500.0
348500.0
278500.0
456500.0
362500.0
226500.0
284500.0
352500.0
333000.0
325000.0
505500.0
238500.0
163500.0
212500.0
166000.0
473000.0
447000.0
379500.0
234000.0
516000.0
352000.0
145000.0
267000.0
339500.0
334000.0
450500.0
370500.0
192500.0
348500.0
277000.0
330000.0
