339900.0
191900.0
108900.0
373800.0
426300.0
384600.0
239800.0
141400.0
358600.0
280600.0
221600.0
254100.0
223000.0
172500.0
260800.0
221100.0
245700.0
108000.0
169400.0
324600.0
379800.0
195100.0
132600.0
342600.0
131100.0
141000.0
197900.0
256600.0
189200.0
97300.0
224300.0
288700.0
132400.0
285400.0
150400.0
346400.0
437700.0
407400.0
293800.0
166300.0
371800.0
260500.0
283100.0
128700.0
218100.0
211900.0
192400.0
371700.0
291100.0
243300.0
203200.0
357900.0
115100.0
242300.0
95100.0
228200.0
355500.0
271400.0
107400.0
299800.0
293600.0
288700.0
323700.0
194500.0
357400.0
406300.0
229000.0
354000.0
422600.0
201500.0
305200.0
252000.0
386800.0
317700.0
184800.0
260000.0
320900.0
286200.0
283300.0
443900.0
211000.0
142600.0
193600.0
140000.0
402800.0
330200.0
327600.0
199400.0
384000.0
323400.0
92700.0
255200.0
282600.0
276500.0
375700.0
322600.0
139700.0
323400.0
245400.0
285700.0
